 21.1447
 21.1465
 21.1483
 21.1501
 21.1518
 21.1534
 21.1550
 21.1568
 21.1588
 21.1606
 21.1627
 21.1636
 21.1667
 21.1675
 21.1706
 21.1730
 21.1740
 21.1763
 21.1790
 21.1808
 21.1830
 21.1858
 21.1878
 21.1893
 21.1919
 21.1954
 21.1984
 21.1999
 21.2013
 21.2042
 21.2082
 21.2113
 21.2132
 21.2150
 21.2183
 21.2222
 21.2249
 21.2270
 21.2301
 21.2344
 21.2374
 21.2390
 21.2423
 21.2474
 21.2507
 21.2525
 21.2567
 21.2614
 21.2630
 21.2667
 21.2734
 21.2748
 21.2775
 21.2844
 21.2847
 21.2932
 21.2948
 21.2994
 21.3025
 21.3077
 21.3131
 21.3176
 21.3208
 21.3249
 21.3308
 21.3367
 21.3405
 21.3440
 21.3499
 21.3571
 21.3619
