 19.1747
 19.1803
 19.2094
 19.2187
 19.2440
 19.2610
 19.2781
 19.3026
 19.3172
 19.3422
 19.3614
 19.3797
 19.4074
 19.4218
 19.4498
 19.4686
 19.4946
 19.5137
 19.5422
 19.5620
 19.5884
 19.6139
 19.6339
 19.6692
 19.6832
 19.7209
 19.7377
 19.7728
 19.7944
 19.8274
 19.8504
 19.8846
 19.9105
 19.9406
 19.9727
 19.9993
 20.0358
 20.0618
 20.0980
 20.1282
 20.1606
 20.1972
 20.2262
 20.2655
 20.2960
 20.3347
 20.3685
 20.4051
 20.4431
 20.4785
 20.5179
 20.5558
 20.5944
 20.6340
 20.6735
 20.7150
 20.7539
 20.7996
 20.8349
 20.8869
 20.9190
 20.9733
 21.0090
 21.0610
 21.0997
 21.1524
 21.1923
 21.2454
 21.2889
 21.3391
 21.3879
 19.8085
 19.8569
 19.9015
 19.9512
 19.9962
 20.0466
 20.0950
 20.1446
 20.1948
 20.2458
 20.2977
 20.3481
 20.4031
 20.4544
 20.5100
 20.5632
 20.6198
 20.6737
 20.7331
 20.7863
 20.8484
 20.9024
 20.9647
 21.0241
 21.0809
 21.1486
 21.2017
 21.2724
 21.3271
 21.3985
 21.4562
 19.4819
 19.5324
 19.5978
 19.6537
 19.7146
 19.7771
 19.8361
 19.9006
 19.9626
 20.0250
 20.0921
 20.1525
 20.2231
 20.2851
 20.3544
 20.4212
 20.4888
 20.5584
 20.6283
 20.6958
 20.7722
 20.8364
 20.9160
 20.9823
 21.0605
 21.1325
 21.2063
 21.2861
 21.3555
 21.4393
 21.5100
 15.6190
 15.6450
 15.6677
 15.6954
 15.7187
 15.7451
 15.7728
 15.7957
 15.8286
 15.8498
 15.8831
 15.9065
 15.9385
 15.9639
 15.9955
 16.0222
 16.0522
 16.0820
 16.1111
 16.1428
 16.1734
 16.2052
 16.2372
 16.2705
 16.3034
 16.3347
 16.3705
 16.3999
 16.4372
 16.4667
 16.5043
 16.5366
 16.5743
 16.6103
 16.6463
 16.6844
 16.7189
 16.7561
 16.7924
 16.8274
 16.8678
 14.5957
 14.6170
 14.6494
 14.6787
 14.7020
 14.7267
 14.7413
 14.7621
 14.7842
 14.8158
 14.8407
 14.8691
 14.8823
 14.8996
 14.9177
 14.9498
 14.9852
 15.0111
 15.0277
 15.0356
 15.0626
 15.0964
 15.1306
 15.1339
 15.1462
 15.1741
 15.2213
 15.2263
 15.2264
 15.2757
 15.3015
 15.2857
 15.3448
 15.3434
 15.3708
 15.3918
 15.4081
 15.4288
 15.4452
 15.4639
 15.4808
 11.5385
 11.5528
 11.5687
 11.5811
 11.5873
 11.5946
 11.6042
 11.6193
 11.6331
 11.6380
 11.6320
 11.6446
 11.6605
 11.6723
 11.6653
 11.6652
 11.6853
 11.6947
 11.6773
 11.6808
 11.7059
 11.6748
 11.6988
 11.6836
 11.6866
 11.6820
 11.6806
 11.6751
 11.6706
 11.6616
 11.6554
 11.4366
 11.4807
 11.5264
 11.5711
 11.6175
 11.6636
 11.7131
 11.7568
 11.8106
 11.8512
 11.8985
 11.9467
 11.9970
 12.0423
 12.0911
 12.1414
 12.1885
 12.2367
 12.2840
 12.3357
 12.3855
 11.4989
 11.5601
 11.6213
 11.6837
 11.7462
 11.8094
 11.8741
 11.9384
 12.0038
 12.0692
 12.1352
 12.2029
 12.2705
 12.3398
 12.4083
 12.4784
 12.5480
 12.6183
 12.6898
 12.7618
 12.8350
