 19.1747
 19.1803
 19.2094
 19.2187
 19.2440
 19.2610
 19.2781
 19.3026
 19.3172
 19.3422
 19.3614
 19.3797
 19.4074
 19.4218
 19.4498
 19.4686
 19.4946
 19.5137
 19.5422
 19.5620
 19.5884
 19.6139
 19.6339
 19.6692
 19.6832
 19.7209
 19.7377
 19.7728
 19.7944
 19.8274
 19.8504
 19.8846
 19.9105
 19.9406
 19.9727
 19.9993
 20.0358
 20.0618
 20.0980
 20.1282
 20.1606
 20.1972
 20.2262
 20.2655
 20.2960
 20.3347
 20.3685
 20.4051
 20.4431
 20.4785
 20.5179
 20.5558
 20.5944
 20.6340
 20.6735
 20.7150
 20.7539
 20.7996
 20.8349
 20.8869
 20.9190
 20.9733
 21.0090
 21.0610
 21.0997
 21.1524
 21.1923
 21.2454
 21.2889
 21.3391
 21.3879
