21.550581 
21.529558 
21.540259 
21.519131 
21.529634 
21.508221 
21.518965 
21.498115 
21.509463 
21.488613 
21.500062 
21.478312 
21.490718 
21.468910 
21.481316 
21.461109 
21.471415 
21.451107 
21.463113 
21.442306 
21.453812 
21.434004 
21.445310 
21.424203 
21.436109 
21.417001 
21.429307 
21.408200 
21.418906 
21.399198 
21.412504 
21.392997 
21.404203 
21.383395 
21.396001 
21.377294 
21.389300 
21.368792 
21.381198 
21.362891 
21.375197 
21.354189 
21.366795 
21.349288 
21.361894 
21.341086 
21.354592 
21.336685 
21.347591 
21.328683 
21.344689 
21.323482 
21.335488 
21.319780 
21.329386 
21.315279 
21.326185 
21.308177 
21.320583 
21.303176 
21.317882 
21.299774 
21.312280 
21.293773 
21.308979 
21.306111 
21.305377 
21.300110 
21.301476 
21.315000 
21.315000 
