  2.0872
  2.0873
  2.0874
  2.0876
  2.0877
  2.0878
  2.0880
  2.0881
  2.0882
  2.0884
  2.0885
  2.0886
  2.0888
  2.0889
  2.0891
  2.0893
  2.0894
  2.0896
  2.0898
  2.0899
  2.0901
  2.0903
  2.0904
  2.0905
  2.0907
  2.0910
  2.0912
  2.0913
  2.0914
  2.0917
  2.0920
  2.0922
  2.0923
  2.0925
  2.0927
  2.0930
  2.0932
  2.0934
  2.0936
  2.0939
  2.0942
  2.0943
  2.0945
  2.0949
  2.0952
  2.0953
  2.0956
  2.0960
  2.0961
  2.0964
  2.0969
  2.0970
  2.0972
  2.0977
  2.0977
  2.0984
  2.0985
  2.0988
  2.0991
  2.0995
  2.0999
  2.1002
  2.1004
  2.1007
  2.1012
  2.1016
  2.1019
  2.1022
  2.1026
  2.1032
  2.1035
