 1.9360
  1.9365
  1.9388
  1.9395
  1.9414
  1.9428
  1.9441
  1.9460
  1.9472
  1.9491
  1.9506
  1.9520
  1.9542
  1.9553
  1.9575
  1.9589
  1.9609
  1.9624
  1.9646
  1.9662
  1.9682
  1.9702
  1.9717
  1.9745
  1.9756
  1.9785
  1.9798
  1.9825
  1.9842
  1.9867
  1.9885
  1.9911
  1.9931
  1.9954
  1.9979
  1.9999
  2.0028
  2.0048
  2.0075
  2.0098
  2.0123
  2.0151
  2.0174
  2.0204
  2.0227
  2.0257
  2.0283
  2.0311
  2.0340
  2.0367
  2.0397
  2.0425
  2.0455
  2.0485
  2.0515
  2.0547
  2.0576
  2.0611
  2.0638
  2.0677
  2.0701
  2.0742
  2.0769
  2.0809
  2.0838
  2.0878
  2.0908
  2.0948
  2.0980
  2.1018
  2.1055
