  1.9360
  1.9365
  1.9388
  1.9395
  1.9414
  1.9428
  1.9441
  1.9460
  1.9472
  1.9491
  1.9506
  1.9520
  1.9542
  1.9553
  1.9575
  1.9589
  1.9609
  1.9624
  1.9646
  1.9662
  1.9682
  1.9702
  1.9717
  1.9745
  1.9756
  1.9785
  1.9798
  1.9825
  1.9842
  1.9867
  1.9885
  1.9911
  1.9931
  1.9954
  1.9979
  1.9999
  2.0028
  2.0048
  2.0075
  2.0098
  2.0123
  2.0151
  2.0174
  2.0204
  2.0227
  2.0257
  2.0283
  2.0311
  2.0340
  2.0367
  2.0397
  2.0425
  2.0455
  2.0485
  2.0515
  2.0547
  2.0576
  2.0611
  2.0638
  2.0677
  2.0701
  2.0742
  2.0769
  2.0809
  2.0838
  2.0878
  2.0908
  2.0948
  2.0980
  2.1018
  2.1055
  1.9852
  1.9890
  1.9924
  1.9962
  1.9997
  2.0036
  2.0073
  2.0111
  2.0150
  2.0189
  2.0228
  2.0267
  2.0309
  2.0348
  2.0391
  2.0431
  2.0474
  2.0515
  2.0560
  2.0601
  2.0648
  2.0689
  2.0736
  2.0781
  2.0824
  2.0875
  2.0915
  2.0968
  2.1009
  2.1063
  2.1106
  1.9600
  1.9639
  1.9689
  1.9733
  1.9780
  1.9828
  1.9874
  1.9924
  1.9971
  2.0019
  2.0071
  2.0117
  2.0171
  2.0219
  2.0272
  2.0323
  2.0374
  2.0427
  2.0481
  2.0532
  2.0590
  2.0639
  2.0699
  2.0749
  2.0808
  2.0863
  2.0918
  2.0978
  2.1030
  2.1093
  2.1146
  1.7964
  1.7987
  1.8007
  1.8031
  1.8051
  1.8075
  1.8099
  1.8119
  1.8148
  1.8166
  1.8195
  1.8216
  1.8244
  1.8266
  1.8293
  1.8316
  1.8342
  1.8368
  1.8394
  1.8421
  1.8448
  1.8475
  1.8503
  1.8532
  1.8560
  1.8587
  1.8618
  1.8644
  1.8676
  1.8701
  1.8734
  1.8761
  1.8794
  1.8825
  1.8856
  1.8888
  1.8918
  1.8950
  1.8981
  1.9011
  1.9045
  1.7055
  1.7074
  1.7103
  1.7129
  1.7150
  1.7172
  1.7185
  1.7204
  1.7224
  1.7252
  1.7274
  1.7300
  1.7312
  1.7327
  1.7343
  1.7372
  1.7403
  1.7426
  1.7441
  1.7448
  1.7472
  1.7502
  1.7533
  1.7536
  1.7547
  1.7571
  1.7613
  1.7618
  1.7618
  1.7661
  1.7684
  1.7670
  1.7723
  1.7721
  1.7745
  1.7764
  1.7778
  1.7797
  1.7811
  1.7828
  1.7843
  1.5691
  1.5706
  1.5722
  1.5735
  1.5741
  1.5749
  1.5758
  1.5774
  1.5788
  1.5793
  1.5787
  1.5800
  1.5816
  1.5828
  1.5821
  1.5821
  1.5842
  1.5851
  1.5834
  1.5837
  1.5863
  1.5831
  1.5856
  1.5840
  1.5843
  1.5838
  1.5837
  1.5831
  1.5827
  1.5817
  1.5811
  1.5586
  1.5631
  1.5678
  1.5724
  1.5772
  1.5820
  1.5870
  1.5915
  1.5970
  1.6011
  1.6060
  1.6109
  1.6160
  1.6206
  1.6255
  1.6306
  1.6354
  1.6402
  1.6450
  1.6502
  1.6552
  1.5650
  1.5713
  1.5776
  1.5840
  1.5904
  1.5969
  1.6035
  1.6100
  1.6167
  1.6233
  1.6300
  1.6368
  1.6436
  1.6506
  1.6575
  1.6645
  1.6715
  1.6785
  1.6856
  1.6927
  1.7000
