2.117678 
2.116103 
2.116905 
2.115322 
2.116109 
2.114504 
2.115309 
2.113747 
2.114597 
2.113034 
2.113893 
2.112262 
2.113192 
2.111557 
2.112487 
2.110972 
2.111745 
2.110222 
2.111122 
2.109562 
2.110425 
2.108939 
2.109787 
2.108203 
2.109097 
2.107663 
2.108586 
2.107002 
2.107806 
2.106326 
2.107325 
2.105861 
2.106702 
2.105140 
2.106086 
2.104681 
2.105583 
2.104043 
2.104975 
2.103599 
2.104524 
2.102946 
2.103893 
2.102577 
2.103524 
2.101961 
2.102976 
2.101630 
2.102450 
2.101029 
2.102232 
2.100638 
2.101540 
2.100359 
2.101082 
2.100021 
2.100841 
2.099487 
2.100420 
2.099111 
2.100217 
2.098855 
2.099796 
2.098404 
2.099547 
2.099332 
2.099276 
2.098880 
2.098983 
2.100000 
2.100000 
