 13.5000
 13.4993
 13.4989
 13.4992
 13.5001
 13.5012
 13.5016
 13.5012
 13.5005
 13.4991
 13.5009
 13.4980
 13.5041
 13.4979
 13.5010
 13.5024
 13.4988
 13.5016
 13.5041
 13.5000
 13.4977
 13.5012
 13.5038
 13.5021
 13.5000
 13.5003
 13.5014
 13.5019
 13.5023
 13.5023
 13.5016
 13.5009
 13.5014
 13.5023
 13.5020
 13.5017
 13.5034
 13.5048
 13.5018
 13.4977
 13.5002
 13.5073
 13.5074
 13.4999
 13.4986
 13.5042
 13.5036
 13.5014
 13.5082
 13.5066
 13.4954
 13.5028
 13.5076
 13.4993
 13.5126
 13.4977
 13.5052
 13.5029
 13.5067
 13.5045
 13.5022
 13.5033
 13.5075
 13.5084
 13.5037
 13.5001
 13.5041
 13.5100
 13.5080
 13.5014
 13.5030
