 11.0000
 11.0072
 10.9858
 11.0159
 10.9898
 11.0058
 10.9985
 11.0004
 11.0047
 10.9947
 11.0057
 11.0001
 10.9981
 11.0093
 10.9884
 11.0179
 10.9873
 11.0123
 10.9963
 11.0033
 11.0071
 10.9884
 11.0234
 10.9804
 11.0220
 10.9920
 11.0050
 11.0043
 11.0043
 11.0006
 11.0094
 10.9963
 11.0117
 10.9965
 11.0132
 10.9948
 11.0154
 10.9917
 11.0213
 10.9882
 11.0178
 11.0007
 11.0044
 11.0110
 11.0013
 11.0057
 11.0144
 10.9937
 11.0234
 10.9881
 11.0260
 10.9927
 11.0184
 11.0005
 11.0098
 11.0137
 10.9970
 11.0261
 10.9889
 11.0277
 10.9961
 11.0148
 11.0124
 11.0031
 11.0184
 11.0054
 11.0122
 11.0132
 11.0072
 11.0144
 11.0138
 10.0138
 10.0117
 10.0086
 10.0211
 10.0001
 10.0292
  9.9974
 10.0256
 10.0064
 10.0172
 10.0162
 10.0099
 10.0186
 10.0160
 10.0087
 10.0277
 10.0033
 10.0250
 10.0159
 10.0094
 10.0286
 10.0066
 10.0251
 10.0167
 10.0157
 10.0243
 10.0140
 10.0241
 10.0152
 10.0258
 10.0142
  9.0142
  9.0347
  9.0063
  9.0381
  9.0109
  9.0329
  9.0202
  9.0294
  9.0233
  9.0303
  9.0284
  9.0276
  9.0311
  9.0309
  9.0307
  9.0331
  9.0355
  9.0310
  9.0361
  9.0360
  9.0361
  9.0411
  9.0294
  9.0508
  9.0285
  9.0531
  9.0305
  9.0545
  9.0368
  9.0504
  9.0462
  8.0462
  8.0566
  8.0496
  8.0644
  8.0638
  8.0665
  8.0749
  8.0719
  8.0790
  8.0829
  8.0807
  8.0930
  8.0861
  8.1001
  8.1008
  8.1069
  8.1161
  8.1161
  8.1296
  8.1273
  8.1419
  8.1346
  8.1505
  8.1448
  8.1573
  8.1579
  8.1714
  8.1739
  8.1872
  8.1975
  8.1962
  8.2228
  8.2005
  8.2349
  8.2161
  8.2399
  8.2412
  8.2538
  8.2688
  8.2793
  8.2875
  7.2875
  7.2953
  7.2930
  7.3068
  7.3292
  7.3519
  7.4104
  7.4134
  7.4538
  7.4162
  7.4403
  7.4209
  7.4809
  7.5155
  7.5484
  7.5551
  7.5353
  7.5576
  7.6038
  7.6739
  7.6812
  7.6600
  7.6530
  7.7165
  7.7846
  7.7560
  7.7297
  7.7841
  7.8870
  7.8216
  7.8384
  7.9833
  7.8848
  7.9933
  7.9924
  8.0183
  8.0611
  8.0684
  8.1220
  8.1330
  8.1633
  5.6633
  5.6694
  5.6770
  5.7044
  5.7471
  5.7784
  5.8101
  5.7881
  5.8178
  5.8330
  5.8770
  5.9047
  5.9089
  5.9083
  5.9693
  6.0205
  6.0141
  6.0107
  6.0814
  6.0945
  6.0559
  6.1815
  6.1331
  6.1982
  6.1999
  6.2394
  6.2651
  6.3038
  6.3333
  6.3610
  6.3821
  4.3821
  4.3960
  4.4187
  4.4361
  4.4611
  4.4745
  4.5015
  4.5027
  4.5425
  4.5508
  4.5697
  4.6058
  4.6199
  4.6303
  4.6418
  4.6766
  4.7012
  4.7157
  4.7206
  4.7428
  4.7710
  3.7710
  3.7754
  3.7768
  3.7791
  3.7789
  3.7850
  3.7881
  3.7917
  3.7945
  3.7942
  3.7982
  3.7932
  3.8000
  3.7994
  3.8007
  3.8058
  3.8039
  3.8043
  3.8044
  3.8024
  3.8037
