 11.0000
 11.0072
 10.9858
 11.0159
 10.9898
 11.0058
 10.9985
 11.0004
 11.0047
 10.9947
 11.0057
 11.0001
 10.9981
 11.0093
 10.9884
 11.0179
 10.9873
 11.0123
 10.9963
 11.0033
 11.0071
 10.9884
 11.0234
 10.9804
 11.0220
 10.9920
 11.0050
 11.0043
 11.0043
 11.0006
 11.0094
 10.9963
 11.0117
 10.9965
 11.0132
 10.9948
 11.0154
 10.9917
 11.0213
 10.9882
 11.0178
 11.0007
 11.0044
 11.0110
 11.0013
 11.0057
 11.0144
 10.9937
 11.0234
 10.9881
 11.0260
 10.9927
 11.0184
 11.0005
 11.0098
 11.0137
 10.9970
 11.0261
 10.9889
 11.0277
 10.9961
 11.0148
 11.0124
 11.0031
 11.0184
 11.0054
 11.0122
 11.0132
 11.0072
 11.0144
 11.0138
