13.090543 
13.075172 
13.025286 
13.010426 
12.961385 
12.946936 
12.898962 
12.884690 
12.837976 
12.823794 
12.778353 
12.764386 
12.720058 
12.706516 
12.663194 
12.650085 
12.607847 
12.595174 
12.554030 
12.541815 
12.501799 
12.489998 
12.451241 
12.439681 
12.402491 
12.390989 
12.355377 
12.344000 
12.309949 
12.298875 
12.266288 
12.255483 
12.224388 
12.213992 
12.184310 
12.174455 
12.146033 
12.136858 
12.109727 
12.101214 
12.075430 
12.067475 
12.043292 
12.035792 
12.013187 
12.006184 
11.985231 
11.978792 
11.959354 
11.953667 
11.935738 
11.930701 
11.914413 
11.910115 
11.895364 
11.891896 
11.878689 
11.875999 
11.864562 
11.862508 
11.852999 
11.851428 
11.843930 
11.843004 
11.837464 
11.837190 
11.833195 
11.834049 
11.831675 
11.833700 
11.833700 
